9
2451000.5
2451500.5
Mercury
1.66013679527193e-07
-3.83966017419175965E-01 -1.76865300855700736E-01  2.07959213998758705E-02
5.96286238644834141E-03 -2.43281292146216750E-02 -2.53463209848734695E-03
Venus
2.44783893885595e-06
6.33469157915745540E-01  3.49855234102151691E-01 -3.17853172088953667E-02
-9.84258038001823571E-03  1.76183746921837227E-02  8.08822351013463794E-04
Earth
3.00316726157559e-06
2.42093942183383037E-01 -9.87467766698604366E-01 -4.54276292555233496E-06
1.64294055023289365E-02  4.03200725816140870E-03  1.13609607260006795E-08
Mars
3.22715144505387e-06 
2.51831018120174499E-01  1.52598983115984788E+00  2.57781137811807781E-02
-1.32744166042475433E-02  3.46582959610421387E-03  3.98930013246952611E-04
Jupiter
0.000954502036096727 
4.84143144246472090E+00 -1.16032004402742839E+00 -1.03622044471123109E-01
1.66007664274403694E-03  7.69901118419740425E-03 -6.90460016972063023E-05
Saturn
0.000285787542104469
8.34336671824457987E+00  4.12479856412430479E+00 -4.03523417114321381E-01
-2.76742510726862411E-03  4.99852801234917238E-03  2.30417297573763929E-05
Uranus
4.36378261525313e-05
1.28943695621391310E+01 -1.51111514016986312E+01 -2.23307578892655734E-01
2.96460137564761618E-03  2.37847173959480950E-03 -2.96589568540237556E-05
Neptune
5.14956512995827e-05
1.53796971148509165E+01 -2.59193146099879641E+01  1.79258772950371181E-01
2.68067772490389322E-03  1.62824170038242295E-03 -9.51592254519715870E-05
Pluto
6.56075612085868e-09
-1.15095623952731607E+01 -2.70779438829451422E+01  6.22871533567077229E+00
2.97220056963797431E-03 -1.69820233395912967E-03 -6.76798264809371094E-04