10
2454101.5
2464101.5
Mercury
1.66013679527193e-07
-1.101694065133387E-02 -4.099251794712129E-01 -2.178279834228010E-01
2.248379877130665E-02  1.505874573851151E-03 -1.527060159028192E-03
Venus
2.44783893885595e-06
5.378357762066760E-01 -4.340674043882337E-01 -2.293254624165234E-01
1.348318340906038E-02  1.388335246844525E-02  5.392953282521916E-03
Earth
3.00316726157559e-06
-1.720924212800129E-01  8.882526880756986E-01  3.850882730699735E-01
-1.721909853437115E-02 -2.821708220592251E-03 -1.223288132750246E-03
Mars
3.22715144505387e-06 
-6.538074989198253E-01 -1.248359461725082E+00 -5.549204205907283E-01
1.315073619092377E-02 -4.273373657660261E-03 -2.315389069834621E-03
Jupiter
0.000954502036096727 
-2.474679193864079E+00 -4.397583993109157E+00 -1.824689197830702E+00
6.607794892925952E-03 -2.816644601234568E-03 -1.368183581377464E-03
Saturn
0.000285787542104469
-7.036502535576166E+00  5.333213226243848E+00  2.505666878530976E+00
-3.875709132189468E-03 -4.030013228456118E-03 -1.497697369467142E-03
Uranus
4.36378261525313e-05
1.929821276360451E+01 -5.000742648963532E+00 -2.463050390956525E+00
1.066059139740610E-03  3.295794357000306E-03  1.428432074355426E-03
Neptune
5.14956512995827e-05
2.273883666056460E+01 -1.797709705407079E+01 -7.924272568836390E+00
2.036182299808169E-03  2.230891268638129E-03  8.623014456303985E-04
Pluto
6.56075612085868e-09
-1.879736963720004E+00 -2.990509278556377E+01 -8.767165918216582E+00
3.196261080433282E-03 -3.749827592711353E-04 -1.078946388439664E-03
Apophis
0
-1.043406789934411E+00  3.125580453044098E-01  8.948478009469385E-02
-3.711056311878882E-03 -1.344966107905772E-02 -5.098876331667296E-03