Venus
  0,000002451, -0.3562048063691675, -0.6312492944339478,  0.01192077065327923, 0.01747508585926311, -0.01003098590555414 -0.001145865065322194
   
Earth

   6.999746435920881E-02 -1.014064330340330E+00  1.864217827575059E-05
   1.687911610093770E-02  1.124338469962775E-03  2.360129822376191E-07
   
Mars
  0.000000323, 1.362066389404910, -0.2468663037970248, -0.03862721028656070, 0.003031178663716719, 0.01496374724018021, 0.0002390530034431399
  
Saturn
0.000285584, -7.675580837545065,  5.101023202063998, 0.2166462368429769, -0.003381188057787772, -0.004660475463335197,  0.0002157434936730057
   

